Selected Topics in CS
Assignment-2

Group Members-
Aditya Desai (2015A3PS0211H)
Shubham Jha (2015A3PS0288H)
Saurabh Khandelwal (2015A7PS0082H)

Report-
Best accuracy = 93.5294
Hidden layer size = 5
Total number of iterations = 313
Test Accuracy = 92.7545
Confusion Matrix
154   0   0   0   1   0   2   0   1   1
  0 164   0   0   2   0   0   0   6   0
  0   2 178   2   0   0   1   0   4   0
  0   0   4 151   0   0   0   2   2   3
  0   2   0   0 153   0   1   1   1   7
  0   0   0   1   0 152   0   0   2   0
  1   6   4   0   2   1 156   0   0   0
  0   0   0   0   1   1   0 153   0   4
  1   8   3   2   1   3   0   0 135   4
  0   4   1  10   2   5   0   6   3 153

Precision = 0.987179  0.88172 0.936842 0.909639 0.944444 0.938272    0.975 0.944444 0.876623 0.889535
Recall = 0.968553 0.953488 0.951872 0.932099 0.927273 0.980645 0.917647 0.962264 0.859873 0.831522
Fscore = 0.977778 0.916201 0.944297 0.920732  0.93578 0.958991 0.945455 0.953271 0.868167 0.859551

----------------------------------------------------------------------------------------------------------------------------------------
Best accuracy = 95.1765
Hidden layer size = 6
Total number of iterations = 300
Test Accuracy = 93.4132
Confusion Matrix
155   1   1   0   0   1   2   0   0   2
  0 148   0   0   1   0   1   0   1   1
  0   2 184   2   0   1   0   1   2   0
  0   3   0 157   0   1   0   0   0   3
  0   1   0   0 149   0   0   0   1   1
  0   2   0   2   0 156   0   1   2   3
  1   3   0   0   3   0 155   0   0   0
  0   1   0   0   0   0   0 152   0   2
  0  19   5   2   3   3   2   1 145   1
  0   6   0   3   6   0   0   7   3 159

Precision =  0.99359 0.795699 0.968421 0.945783 0.919753 0.962963  0.96875 0.938272 0.941558 0.924419
Recall =  0.95679 0.973684 0.958333 0.957317 0.980263 0.939759  0.95679 0.980645 0.801105  0.86413
Fscore = 0.974843  0.87574 0.963351 0.951515 0.949045  0.95122 0.962733 0.958991 0.865672 0.893258

----------------------------------------------------------------------------------------------------------------------------------------
Best accuracy = 96.5882
Hidden layer size = 7
Total number of iterations = 633
Test Accuracy = 95.7485
Confusion Matrix
155   0   1   0   0   0   0   0   0   0
  0 169   0   0   3   0   1   0   3   1
  0   0 188   0   0   0   0   1   0   0
  0   1   0 160   0   2   0   0   2   4
  0   1   0   0 151   0   1   0   0   1
  0   1   0   1   0 154   0   0   2   0
  0   0   0   0   2   0 158   0   0   0
  0   0   0   0   2   0   0 156   0   2
  1  12   1   2   1   4   0   1 145   1
  0   2   0   3   3   2   0   4   2 163

Precision =  0.99359 0.908602 0.989474 0.963855 0.932099 0.950617   0.9875 0.962963 0.941558 0.947674
Recall =  0.99359 0.954802 0.994709 0.946746 0.980519 0.974684   0.9875    0.975 0.863095 0.910615
Fscore =  0.99359 0.931129 0.992084 0.955224 0.955696   0.9625   0.9875 0.968944 0.900621 0.928775

----------------------------------------------------------------------------------------------------------------------------------------
Best accuracy = 96.7059
Hidden layer size = 8
Total number of iterations = 412
Test Accuracy = 95.6287
Confusion Matrix
154   0   0   0   0   1   0   0   0   1
  0 177   0   0   2   0   1   0   5   3
  0   0 189   2   0   0   0   0   1   1
  0   0   0 156   0   1   0   0   0   2
  0   3   0   0 155   1   1   0   4   4
  0   0   0   2   0 154   0   0   1   1
  2   1   0   0   0   1 157   0   0   0
  0   0   1   0   3   0   0 160   0   4
  0   4   0   3   1   1   1   1 140   1
  0   1   0   3   1   3   0   1   3 155

Precision = 0.987179 0.951613 0.994737 0.939759  0.95679 0.950617  0.98125 0.987654 0.909091 0.901163
Recall = 0.987179 0.941489 0.979275 0.981132 0.922619 0.974684 0.975155 0.952381 0.921053 0.928144
Fscore = 0.987179 0.946524 0.986945     0.96 0.939394   0.9625 0.978193 0.969697 0.915033 0.914454

----------------------------------------------------------------------------------------------------------------------------------------
Best accuracy = 97.4118
Hidden layer size = 9
Total number of iterations = 834
Test Accuracy = 96.2275
Confusion Matrix
154   0   0   0   0   0   0   0   0   0
  0 180   1   0   1   0   2   0   6   4
  0   0 185   0   0   1   0   0   0   0
  0   0   1 161   0   2   0   0   2   3
  0   0   0   0 157   0   0   0   1   2
  0   1   2   0   0 156   0   1   2   1
  1   0   0   0   1   2 157   0   0   0
  0   1   0   0   1   0   0 159   0   3
  1   3   1   4   1   1   1   0 142   3
  0   1   0   1   1   0   0   2   1 156

Precision = 0.987179 0.967742 0.973684  0.96988 0.969136 0.962963  0.98125 0.981481 0.922078 0.906977
Recall =        1 0.927835 0.994624 0.952663  0.98125 0.957055 0.975155 0.969512 0.904459 0.962963
Fscore = 0.993548 0.947368 0.984043 0.961194 0.975155     0.96 0.978193  0.97546 0.913183 0.934132

----------------------------------------------------------------------------------------------------------------------------------------
Best accuracy = 97.2941
Hidden layer size = 10
Total number of iterations = 572
Test Accuracy = 95.6287
Confusion Matrix
154   0   1   0   0   0   0   0   0   0
  0 165   0   0   1   0   0   0   2   1
  1   0 188   1   0   2   1   0   0   0
  0   1   1 161   0   2   0   1   3   1
  0   3   0   0 152   1   0   0   1   1
  0   1   0   1   0 152   0   1   2   0
  0   0   0   0   2   3 159   0   0   0
  0   0   0   0   2   0   0 159   1   3
  0  13   0   0   1   0   0   0 141   0
  1   3   0   3   4   2   0   1   4 166

Precision = 0.987179 0.887097 0.989474  0.96988 0.938272 0.938272  0.99375 0.981481 0.915584 0.965116
Recall = 0.993548 0.976331 0.974093 0.947059 0.962025 0.968153 0.969512 0.963636 0.909677 0.902174
Fscore = 0.990354 0.929577 0.981723 0.958333     0.95 0.952978 0.981481 0.972477 0.912621 0.932584

----------------------------------------------------------------------------------------------------------------------------------------
